0 0.32288401171875 0.70760233984375 0.3416927890625 0.716959064453125 0.354231974609375 0.70994151953125 0.351097177734375 0.706432748046875 0.32288401171875 0.70760233984375
0 0.836990595703125 0.391812865234375 0.833855798828125 0.408187134765625 0.927899685546875 0.431578947265625 0.94357366796875 0.417543859375 0.836990595703125 0.391812865234375
0 0.871473353515625 0.446783625 0.8840125390625 0.431578947265625 0.8808777421875 0.415204677734375 0.8432601875 0.41637426953125 0.821316615234375 0.405847953125 0.82445141015625 0.38947368359375 0.815047021484375 0.387134501953125 0.768025078125 0.40467836328125 0.755485892578125 0.418713451171875 0.780564263671875 0.417543859375 0.82758620703125 0.43976608203125 0.871473353515625 0.446783625
0 0.435736677734375 0.8502923984375 0.4200626953125 0.8619883046875 0.45768025 0.849122806640625 0.451410658203125 0.815204677734375 0.467084638671875 0.802339181640625 0.448275861328125 0.785964912109375 0.4200626953125 0.809356724609375 0.4200626953125 0.81637426953125 0.44200626953125 0.825730994140625 0.435736677734375 0.8502923984375
0 0.300940439453125 0.281871345703125 0.282131662109375 0.26315789453125 0.2664576796875 0.272514619140625 0.2664576796875 0.29239766015625 0.294670845703125 0.305263158203125 0.300940439453125 0.281871345703125
0 0.300940439453125 0.322807017578125 0.297805642578125 0.31929824609375 0.2695924765625 0.322807017578125 0.2664576796875 0.34152046875 0.282131662109375 0.353216375 0.300940439453125 0.34269005859375 0.300940439453125 0.322807017578125
0 0.47648902734375 0.54152046875 0.51724137890625 0.539181287109375 0.526645767578125 0.535672513671875 0.52037617578125 0.523976607421875 0.45768025 0.54152046875 0.460815046875 0.545029240234375 0.47648902734375 0.547368421875 0.47648902734375 0.54152046875
0 0.40125391796875 0.878362572265625 0.394984326171875 0.893567251953125 0.3855799375 0.893567251953125 0.382445140625 0.911111111328125 0.394984326171875 0.9146198828125 0.410658306640625 0.900584794921875 0.40125391796875 0.878362572265625
0 0.429467083984375 0.4795321640625 0.40438871484375 0.472514619140625 0.40752351171875 0.512280701171875 0.416927900390625 0.5146198828125 0.413793103515625 0.494736841796875 0.429467083984375 0.4795321640625
0 0.391849529296875 0.76491228125 0.388714734375 0.7766081875 0.416927900390625 0.78830409375 0.413793103515625 0.762573099609375 0.391849529296875 0.76491228125
0 0.2664576796875 0.664327486328125 0.260188087890625 0.659649123046875 0.244514107421875 0.660818712890625 0.25391849609375 0.678362572265625 0.28526645703125 0.665497076171875 0.28526645703125 0.659649123046875 0.2664576796875 0.664327486328125
0 0.228840125 0.523976607421875 0.228840125 0.54269005859375 0.25078369921875 0.545029240234375 0.25078369921875 0.528654970703125 0.228840125 0.523976607421875
0 0.241379310546875 0.2444444453125 0.21003134765625 0.249122806640625 0.20689655078125 0.254970759765625 0.21630094140625 0.2561403515625 0.263322884765625 0.25146198828125 0.241379310546875 0.2444444453125
0 0.36677116015625 0.2502923984375 0.282131662109375 0.242105263671875 0.278996865234375 0.252631578125 0.36677116015625 0.259649123046875 0.373040751953125 0.2561403515625 0.36677116015625 0.2502923984375
0 0.263322884765625 0.618713451171875 0.278996865234375 0.61169590625 0.263322884765625 0.59532163671875 0.257053291015625 0.603508771484375 0.263322884765625 0.609356724609375 0.25078369921875 0.625730994140625 0.263322884765625 0.626900583984375 0.263322884765625 0.618713451171875
0 0.432601880859375 0.62807017578125 0.4231974921875 0.629239765625 0.44200626953125 0.642105263671875 0.454545455078125 0.631578947265625 0.432601880859375 0.62807017578125
0 0.664576802734375 0.470175439453125 0.6583072109375 0.477192982421875 0.6551724140625 0.487719298828125 0.664576802734375 0.488888888671875 0.67398119140625 0.471345029296875 0.664576802734375 0.470175439453125
0 0.25391849609375 0.054970759765625 0.25078369921875 0.070175439453125 0.28840125390625 0.060818712890625 0.2695924765625 0.0619883046875 0.25391849609375 0.054970759765625
0 0.238244513671875 0.442105263671875 0.219435736328125 0.44561403515625 0.219435736328125 0.45146198828125 0.25078369921875 0.4502923984375 0.238244513671875 0.442105263671875
0 0.74608150390625 0.50994151953125 0.736677115234375 0.51929824609375 0.768025078125 0.512280701171875 0.76489028125 0.505263158203125 0.74608150390625 0.50994151953125
