1 0.15537555228276878 0.5891016200294551 0.13402061855670103 0.7952871870397643
1 0.4322533136966127 0.6060382916053019 0.24889543446244478 0.7820324005891016
1 0.7748748159057437 0.3170103092783505 0.041237113402061855 0.15589101620029455
1 0.8395434462444771 0.5623711340206186 0.029351988217967598 0.08877761413843888
1 0.9153755522827687 0.8622533136966127 0.030058910162002947 0.07200294550810014
1 0.8482768777614139 0.589278350515464 0.030058910162002947 0.041944035346097204
1 0.909440353460972 0.880780559646539 0.030751104565537552 0.03354933726067747
1 0.7598527245949928 0.3617525773195876 0.057319587628865985 0.06220913107511046
1 0.789558173784978 0.3617525773195876 0.17126656848306335 0.20481590574374078
1 0.9209720176730486 0.39949926362297494 0.10835051546391751 0.133519882179676
1 0.8965095729013255 0.6392636229749632 0.12932253313696612 0.141899852724595
1 0.8395434462444771 0.8881148748159057 0.16357879234167894 0.20341678939617083
