1 0.24071 0.134593147751606 0.38429 0.06730192719486082
1 0.24 0.30284796573875805 0.38286000000000003 0.061177730192719486
1 0.23286 0.45043897216274087 0.35143 0.05964668094218416
1 0.23857 0.5162098501070663 0.34286 0.05964668094218416
1 0.25429 0.5819807280513919 0.30286 0.06577087794432548
1 0.23714 0.7578800856531049 0.34286 0.07494646680942184
1 0.24071 0.9268843683083512 0.35570999999999997 0.06423982869379015
1 0.74786 0.17436830835117775 0.43571 0.07035331905781583
1 0.765 0.4014989293361884 0.34429000000000004 0.11777301927194861
1 0.7785700000000001 0.8343576017130621 0.40570999999999996 0.07494646680942184
