1 0.09728515625 0.5789236111111111 0.078876953125 0.6076388888888888
1 0.169775390625 0.5722569444444444 0.088642578125 0.6423611111111112
1 0.2490234375 0.68109375 0.04431640625 0.35789930555555555
1 0.28958984375 0.6263368055555555 0.060849609375 0.4967881944444444
1 0.344423828125 0.5428645833333333 0.08337890625 0.6477083333333333
1 0.41015625 0.4901215277777778 0.091650390625 0.7719097222222222
1 0.49654296875 0.5462152777777778 0.069111328125 0.6677430555555556
1 0.58068359375 0.5228298611111111 0.087138671875 0.7118055555555556
1 0.6621875 0.5241666666666667 0.068359375 0.6824305555555555
1 0.73880859375 0.5535590277777778 0.05333984375 0.5969618055555556
1 0.798154296875 0.5341840277777777 0.0908984375 0.6490451388888889
1 0.8740234375 0.5488715277777777 0.1044140625 0.6303472222222222
