1 0.11457046979865772 0.5536533333333333 0.06040268456375839 0.6019022222222222
1 0.19559060402684564 0.5428533333333334 0.05561073825503356 0.6285688888888888
1 0.28475838926174496 0.5377777777777778 0.06519463087248323 0.6285688888888888
1 0.3595369127516779 0.5352355555555556 0.057523489932885905 0.6336533333333333
1 0.4463087248322148 0.5219022222222222 0.0738255033557047 0.6907911111111111
1 0.5330805369127517 0.5384088888888889 0.05944295302013422 0.6450755555555556
1 0.6212818791946308 0.5320622222222222 0.06903355704697986 0.6907911111111111
1 0.7070939597315435 0.5472977777777778 0.07574496644295302 0.65016
1 0.8106442953020133 0.5422222222222223 0.06999328859060402 0.6247644444444445
1 0.9017248322147651 0.5650755555555556 0.048899328859060405 0.5536533333333333
